              precision    recall  f1-score   support

           0     0.5855    0.8410    0.6904      9000
           1     0.5112    0.6194    0.5602      9000
           2     0.9917    0.9409    0.9656      9000
           3     0.9621    0.9933    0.9775      9000
           4     0.8835    0.7638    0.8193      9000
           5     0.9970    0.9364    0.9658      9000
           6     0.9921    0.9321    0.9612      9000
           7     0.9840    0.8614    0.9187      9000
           8     0.6869    0.4998    0.5786      9000
           9     0.5789    0.5942    0.5865      9000
          10     0.4827    0.5584    0.5178      9000
          11     0.7342    0.8408    0.7839      9000
          12     0.6072    0.5099    0.5543      9000
          13     0.6256    0.5357    0.5772      9000

    accuracy                         0.7448    126000
   macro avg     0.7588    0.7448    0.7469    126000
weighted avg     0.7588    0.7448    0.7469    126000
